Inte   S_AO: 
0.350561 0.375467 0.180163 0.198682
0.375467        1 0.539187 0.748697
0.180163 0.539187        1 0.658292
0.198682 0.748697 0.658292        1

Inte   H_AO: 
-0.900585  -1.17214 -0.650093  -0.67225
 -1.17214  -1.90675  -1.26727  -1.40419
-0.650093  -1.26727  -1.61868  -1.33723
 -0.67225  -1.40419  -1.33723  -1.44159

Inte ERI_AO: 
 0.189738  0.163028 0.0744144 0.0825901  0.163028  0.149698  0.069272 0.0766161 0.0744144  0.069272 0.0373113 0.0369544 0.0825901 0.0766161 0.0369544 0.0397103  0.163028  0.149698  0.069272 0.0766161  0.281834  0.281943  0.133043  0.146669  0.146373  0.147946 0.0852696 0.0813282  0.182009   0.18512  0.093219 0.0983744 0.0744144  0.069272 0.0373113 0.0369544  0.146373  0.147946 0.0852696 0.0813282  0.233349  0.242841  0.154496  0.137292   0.14498  0.150153 0.0893168 0.0836057 0.0825901 0.0766161 0.0369544 0.0397103  0.182009   0.18512  0.093219 0.0983744   0.14498  0.150153 0.0893168 0.0836057  0.177506  0.185028 0.0990887  0.100514
 0.163028  0.281834  0.146373  0.182009  0.149698  0.281943  0.147946   0.18512  0.069272  0.133043 0.0852696  0.093219 0.0766161  0.146669 0.0813282 0.0983744  0.149698  0.281943  0.147946   0.18512  0.281943  0.615938  0.328535  0.420799  0.147946  0.328535  0.237048  0.249186   0.18512  0.420799  0.249186  0.303091  0.069272  0.133043 0.0852696  0.093219  0.147946  0.328535  0.237048  0.249186  0.242841  0.569864  0.478669  0.458594  0.150153  0.353605  0.271993  0.280751 0.0766161  0.146669 0.0813282 0.0983744   0.18512  0.420799  0.249186  0.303091  0.150153  0.353605  0.271993  0.280751  0.185028  0.449561  0.297224  0.348187
0.0744144  0.146373  0.233349   0.14498  0.069272  0.147946  0.242841  0.150153 0.0373113 0.0852696  0.154496 0.0893168 0.0369544 0.0813282  0.137292 0.0836057  0.069272  0.147946  0.242841  0.150153  0.133043  0.328535  0.569864  0.353605 0.0852696  0.237048  0.478669  0.271993  0.093219  0.249186  0.458594  0.280751 0.0373113 0.0852696  0.154496 0.0893168 0.0852696  0.237048  0.478669  0.271993  0.154496  0.478669   1.07657   0.57847 0.0893168  0.271993   0.57847  0.329423 0.0369544 0.0813282  0.137292 0.0836057  0.093219  0.249186  0.458594  0.280751 0.0893168  0.271993   0.57847  0.329423 0.0990887  0.297224  0.587396  0.361304
0.0825901  0.182009   0.14498  0.177506 0.0766161   0.18512  0.150153  0.185028 0.0369544  0.093219 0.0893168 0.0990887 0.0397103 0.0983744 0.0836057  0.100514 0.0766161   0.18512  0.150153  0.185028  0.146669  0.420799  0.353605  0.449561 0.0813282  0.249186  0.271993  0.297224 0.0983744  0.303091  0.280751  0.348187 0.0369544  0.093219 0.0893168 0.0990887 0.0813282  0.249186  0.271993  0.297224  0.137292  0.458594   0.57847  0.587396 0.0836057  0.280751  0.329423  0.361304 0.0397103 0.0983744 0.0836057  0.100514 0.0983744  0.303091  0.280751  0.348187 0.0836057  0.280751  0.329423  0.361304  0.100514  0.348187  0.361304   0.45315

test C_MO
-0.760042 -0.467865 -0.342727  0.293216
-0.548361  0.687884 -0.117248 -0.460835
-0.292955  0.247167  0.760578   0.52403
-0.189245 -0.496815  0.538807 -0.653489

test C_AO
 -1.29614  -1.57574 -0.627746  0.790697
-0.248605   1.74566 -0.413945 -0.607201
-0.168619  0.459705  0.785669  0.966288
0.0422621  -1.41101  0.560358 -0.896269

test S_MO : C^ * S * C
           1  4.44089e-16    4.996e-16 -5.55112e-17
 5.24754e-16            1 -3.46945e-16  3.48332e-15
 4.75314e-16 -3.33067e-16            1  1.11022e-16
 1.21431e-16  3.66374e-15  1.66533e-16            1

test F_MO : C^ * F * C
    -2.70298 -6.66134e-16 -4.44089e-16 -4.44089e-16
-6.29488e-16    -0.239646  4.51028e-17 -2.31065e-15
-4.44089e-16 -2.22045e-16     -1.33015 -1.11022e-16
-3.34802e-16 -2.10942e-15  1.38778e-16    -0.575561

test G_MO
 4.64067e-310  5.64175e-310  2.24757e-310   -2.831e-310
-5.10462e-311 -6.20578e-311 -2.47227e-311  3.11403e-311
 3.12942e-310  3.80449e-310  1.51564e-310 -1.90907e-310
-5.51252e-311 -6.70167e-311 -2.66982e-311  3.36286e-311

test J_MO
 4.64067e-310  5.64175e-310  2.24757e-310   -2.831e-310
-5.10462e-311 -6.20578e-311 -2.47227e-311  3.11403e-311
 3.12942e-310  3.80449e-310  1.51564e-310 -1.90907e-310
-5.51252e-311 -6.70167e-311 -2.66982e-311  3.36286e-311

test K_MO
 4.64067e-310  5.64175e-310  2.24757e-310   -2.831e-310
-5.10462e-311 -6.20578e-311 -2.47227e-311  3.11403e-311
 3.12942e-310  3.80449e-310  1.51564e-310 -1.90907e-310
-5.51252e-311 -6.70167e-311 -2.66982e-311  3.36286e-311

test H_MO
    -2.70298 -6.66134e-16 -4.44089e-16 -4.44089e-16
-6.29488e-16    -0.239646  4.51028e-17 -2.31065e-15
-4.44089e-16 -2.22045e-16     -1.33015 -1.11022e-16
-3.34802e-16 -2.10942e-15  1.38778e-16    -0.575561

Density P
    1.67997    0.322226    0.218553  -0.0547776
   0.322226   0.0618042   0.0419194  -0.0105066
   0.218553   0.0419194   0.0284323 -0.00712618
 -0.0547776  -0.0105066 -0.00712618  0.00178609

Energy -4.02617    Convergence: 4.02617

######################### loop 1 ##########################
test C_MO
 0.655566  0.684107   0.31801 0.0331821
 0.610091 -0.697801  0.270577 -0.260095
 0.360594 -0.162175 -0.476421  0.785299
 0.260756  0.137005 -0.773745 -0.560852

test C_AO
   1.03596    1.98291   0.410927  0.0903201
  0.365848   -1.68409   0.801023  -0.193741
  0.225046  -0.220918  -0.348534    1.25293
-0.0145983   0.851756   -1.15009   -1.03036

test S_MO : C^ * S * C
           1 -4.44089e-16  6.66134e-16 -1.11022e-16
 -1.2837e-16            1 -8.88178e-16 -4.44089e-16
 4.19803e-16 -5.55112e-16            1 -2.22045e-16
-2.52402e-16 -7.21645e-16            0            1

test F_MO : C^ * F * C
    -1.52768  2.22045e-16            0  1.11022e-16
  7.2815e-16      1.15168  5.55112e-16  4.71845e-16
 2.01662e-16 -3.05311e-16    -0.259355 -1.66533e-16
 2.86663e-16  2.22045e-16  2.77556e-17     0.443488

test G_MO
  1.13251  0.247227  0.129013 0.0350113
 0.247227   1.50949  0.258715 0.0385735
 0.129013  0.258715  0.946847 -0.245102
0.0350113 0.0385735 -0.245102   1.06762

test J_MO
  1.11769  0.327361  0.180978 0.0296475
 0.327361  0.885433  0.193383 0.0170858
 0.180978  0.193383  0.519611 -0.138355
0.0296475 0.0170858 -0.138355  0.557031

test K_MO
    1.10286    0.407495    0.232944   0.0242837
   0.407495    0.261379    0.128051 -0.00440182
   0.232944    0.128051   0.0923746  -0.0316071
  0.0242837 -0.00440182  -0.0316071   0.0464389

test H_MO
  -2.66019  -0.247227  -0.129013 -0.0350113
 -0.247227  -0.357805  -0.258715 -0.0385735
 -0.129013  -0.258715    -1.2062   0.245102
-0.0350113 -0.0385735   0.245102  -0.624134

Density P
    1.07322    0.379005    0.233139  -0.0151233
   0.379005    0.133845   0.0823327 -0.00534077
   0.233139   0.0823327   0.0506457 -0.00328529
 -0.0151233 -0.00534077 -0.00328529 0.000213111

Energy -2.80808    Convergence: 2.80808

######################### loop 2 ##########################
test C_MO
 0.647349  0.685814 0.0558171 -0.327846
 0.612615 -0.688972 -0.270116 -0.277593
  0.36492 -0.175054  0.774458  0.486214
 0.269213   0.15599  -0.56933  0.760956

test C_AO
    1.01761     1.98498    0.145398   -0.430537
   0.369484    -1.68113   -0.218582    -0.79917
   0.227378   -0.246179     1.24226    0.367737
-0.00603569    0.881564    -1.02898     1.12874

test S_MO : C^ * S * C
           1  3.33067e-16            0 -5.55112e-16
 4.62087e-16            1 -3.33067e-16  9.15934e-16
-8.76035e-17 -1.11022e-16            1 -2.77556e-16
 -3.1572e-16  7.77156e-16 -4.44089e-16            1

test F_MO : C^ * F * C
    -1.62911 -2.22045e-16 -2.22045e-16 -4.44089e-16
-1.87784e-16      1.08479  1.11022e-16 -3.60822e-16
-2.84061e-17  1.11022e-16     0.438801  1.94289e-16
-4.62737e-16 -3.60822e-16 -1.11022e-16    -0.259994

test G_MO
  1.02452  0.258468  0.050258 -0.143684
 0.258468   1.44147 0.0389251 -0.262522
 0.050258 0.0389251   1.05721  0.228468
-0.143684 -0.262522  0.228468  0.959611

test J_MO
  1.02444  0.263627 0.0507146 -0.148554
 0.263627  0.817823 0.0185959 -0.181209
0.0507146 0.0185959  0.561431  0.136023
-0.148554 -0.181209  0.136023  0.526962

test K_MO
    1.02435    0.268785   0.0511713   -0.153424
   0.268785    0.194178 -0.00173339  -0.0998965
  0.0511713 -0.00173339   0.0656489   0.0435794
  -0.153424  -0.0998965   0.0435794   0.0943137

test H_MO
  -2.65364  -0.258468  -0.050258   0.143684
 -0.258468   -0.35668 -0.0389251   0.262522
 -0.050258 -0.0389251  -0.618412  -0.228468
  0.143684   0.262522  -0.228468   -1.21961

Density P
    1.03553    0.375991    0.231382 -0.00614199
   0.375991    0.136518   0.0840125 -0.00223009
   0.231382   0.0840125   0.0517008 -0.00137238
-0.00614199 -0.00223009 -0.00137238 3.64296e-05

Energy -2.90296    Convergence: 0.094878

######################### loop 3 ##########################
test C_MO
 0.646753  0.685519  0.329222 0.0582012
 0.612531 -0.688488  0.278182 -0.270933
 0.365187 -0.176293 -0.487066  0.773515
 0.270471  0.158016 -0.759602 -0.569984

test C_AO
    1.01657     1.98446    0.433426    0.151068
   0.368891    -1.68128    0.798472   -0.220983
   0.227261   -0.248609    -0.36954     1.24126
-0.00420363    0.884903     -1.1264    -1.02869

test S_MO : C^ * S * C
           1  6.66134e-16            0            0
 5.83843e-16            1 -4.44089e-16 -6.38378e-16
 1.38778e-17 -2.22045e-16            1  1.11022e-16
-2.42861e-17 -6.66134e-16 -1.66533e-16            1

test F_MO : C^ * F * C
    -1.63602 -2.22045e-16  4.44089e-16  2.22045e-16
-4.44523e-17      1.07839  6.10623e-16  5.55112e-17
 4.36283e-16  5.82867e-16    -0.260586   -2.498e-16
 2.93927e-16 -1.94289e-16  2.77556e-17     0.438446

test G_MO
  1.01709  0.258318  0.145776 0.0524114
 0.258318   1.43452  0.262567   0.03908
 0.145776  0.262567  0.960558 -0.226786
0.0524114   0.03908 -0.226786    1.0564

test J_MO
  1.01709   0.25856   0.14631  0.052555
  0.25856  0.812095  0.180448 0.0187657
  0.14631  0.180448  0.527894 -0.135594
 0.052555 0.0187657 -0.135594  0.561613

test K_MO
   1.01709   0.258801   0.146843  0.0526986
  0.258801   0.189669   0.098329 -0.0015485
  0.146843   0.098329  0.0952296 -0.0444026
 0.0526986 -0.0015485 -0.0444026  0.0668266

test H_MO
   -2.6531  -0.258318  -0.145776 -0.0524114
 -0.258318  -0.356135  -0.262567   -0.03908
 -0.145776  -0.262567   -1.22114   0.226786
-0.0524114   -0.03908   0.226786  -0.617953

Density P
     1.03342     0.375005     0.231028   -0.0042733
    0.375005     0.136081    0.0838347  -0.00155068
    0.231028    0.0838347    0.0516477 -0.000955323
  -0.0042733  -0.00155068 -0.000955323  1.76705e-05

Energy -2.90933    Convergence: 0.00636803

######################### loop 4 ##########################
test C_MO
   0.6467  0.685459  0.329405 0.0584578
 0.612475 -0.688471  0.278297 -0.270986
 0.365214 -0.176434 -0.487116  0.773439
  0.27069  0.158192 -0.759448 -0.570036

test C_AO
    1.01653     1.98436    0.433778    0.151656
   0.368687     -1.6813    0.798448   -0.221197
   0.227218   -0.248856   -0.369694     1.24118
-0.00384113    0.885217    -1.12618    -1.02866

test S_MO : C^ * S * C
           1 -1.11022e-16  1.11022e-16  1.11022e-16
-3.98336e-16            1  -9.4369e-16  4.44089e-16
 1.10589e-16 -8.88178e-16            1            0
 1.66967e-16  2.22045e-16            0            1

test F_MO : C^ * F * C
    -1.63655  4.44089e-16            0            0
 6.17128e-16      1.07783 -4.16334e-16  4.44089e-16
 1.38995e-16 -2.77556e-17    -0.260655  2.22045e-16
-9.13982e-17  6.93889e-16  3.05311e-16     0.438431

test G_MO
  1.01649  0.258161  0.146123 0.0527252
 0.258161   1.43389  0.262591 0.0391018
 0.146123  0.262591  0.960659 -0.226613
0.0527252 0.0391018 -0.226613   1.05634

test J_MO
  1.01649   0.25816  0.146204 0.0527506
  0.25816  0.811621  0.180422 0.0187979
 0.146204  0.180422  0.528018 -0.135523
0.0527506 0.0187979 -0.135523  0.561607

test K_MO
   1.01649   0.258159   0.146285   0.052776
  0.258159   0.189348  0.0982524  -0.001506
  0.146285  0.0982524  0.0953766 -0.0444323
  0.052776  -0.001506 -0.0444323  0.0668699

test H_MO
  -2.65305  -0.258161  -0.146123 -0.0527252
 -0.258161  -0.356059  -0.262591 -0.0391018
 -0.146123  -0.262591   -1.22131   0.226613
-0.0527252 -0.0391018   0.226613  -0.617913

Density P
     1.03334     0.374782     0.230974  -0.00390463
    0.374782      0.13593    0.0837723  -0.00141617
    0.230974    0.0837723     0.051628 -0.000872772
 -0.00390463  -0.00141617 -0.000872772  1.47542e-05

Energy -2.90981    Convergence: 0.000483805

######################### loop 5 ##########################
test C_MO
 0.646693  0.685447  0.329436 0.0584952
  0.61246 -0.688472   0.27832 -0.270993
 0.365219 -0.176458 -0.487117  0.773431
 0.270731  0.158213 -0.759425  -0.57004

test C_AO
    1.01653     1.98434    0.433834    0.151742
    0.36864    -1.68131    0.798452    -0.22123
   0.227211   -0.248895   -0.369708     1.24117
-0.00377056    0.885259    -1.12615    -1.02865

test S_MO : C^ * S * C
           1  5.55112e-16  4.44089e-16            0
  5.4698e-16            1   -4.996e-16 -1.13798e-15
 5.71158e-16 -7.77156e-16            1 -5.55112e-16
 2.32019e-17 -1.11022e-15   -4.996e-16            1

test F_MO : C^ * F * C
    -1.63661  5.55112e-16 -4.44089e-16            0
 2.93168e-16      1.07777  1.66533e-16   -4.996e-16
-2.78748e-16  1.94289e-16    -0.260662 -5.55112e-17
  2.1684e-18 -8.60423e-16  1.94289e-16     0.438435

test G_MO
  1.01643  0.258122  0.146188 0.0527767
 0.258122   1.43382  0.262599 0.0391035
 0.146188  0.262599  0.960676 -0.226589
0.0527767 0.0391035 -0.226589   1.05634

test J_MO
  1.01643  0.258118  0.146203 0.0527805
 0.258118  0.811568  0.180426 0.0188027
 0.146203  0.180426   0.52804  -0.13551
0.0527805 0.0188027  -0.13551  0.561607

test K_MO
    1.01643    0.258115    0.146217   0.0527842
   0.258115     0.18932   0.0982523 -0.00149802
   0.146217   0.0982523   0.0954037  -0.0444314
  0.0527842 -0.00149802  -0.0444314   0.0668696

test H_MO
  -2.65304  -0.258122  -0.146188 -0.0527767
 -0.258122  -0.356046  -0.262599 -0.0391035
 -0.146188  -0.262599   -1.22134   0.226589
-0.0527767 -0.0391035   0.226589  -0.617909

Density P
     1.03334     0.374735     0.230967   -0.0038329
    0.374735     0.135896     0.083759  -0.00138998
    0.230967     0.083759    0.0516247 -0.000856711
  -0.0038329  -0.00138998 -0.000856711  1.42171e-05

Energy -2.90986    Convergence: 4.74729e-05

######################### loop 6 ##########################
test C_MO
 0.646692  0.685445  0.329442 0.0585019
 0.612457 -0.688472  0.278325 -0.270995
 0.365221 -0.176464 -0.487116  0.773429
 0.270739  0.158217 -0.759422 -0.570041

test C_AO
    1.01654     1.98434    0.433843    0.151758
    0.36863    -1.68131    0.798454   -0.221238
    0.22721   -0.248903    -0.36971     1.24116
-0.00375682    0.885267    -1.12615    -1.02865

test S_MO : C^ * S * C
           1  6.66134e-16  7.77156e-16 -2.22045e-16
 6.60171e-16            1 -1.19349e-15   -4.996e-16
 5.68556e-16 -1.33227e-15            1 -7.77156e-16
 -4.1178e-16 -3.33067e-16 -7.21645e-16            1

test F_MO : C^ * F * C
    -1.63662 -2.22045e-16            0            0
-1.04734e-16      1.07776  5.55112e-17 -2.77556e-16
-2.01336e-16            0    -0.260662 -3.05311e-16
 2.31802e-16  1.66533e-16  5.55112e-17     0.438436

test G_MO
  1.01642  0.258113    0.1462 0.0527857
 0.258113    1.4338  0.262601 0.0391033
   0.1462  0.262601   0.96068 -0.226585
0.0527857 0.0391033 -0.226585   1.05635

test J_MO
  1.01642  0.258112  0.146203 0.0527861
 0.258112   0.81156  0.180427 0.0188033
 0.146203  0.180427  0.528045 -0.135508
0.0527861 0.0188033 -0.135508  0.561607

test K_MO
    1.01642    0.258111    0.146206   0.0527866
   0.258111    0.189317   0.0982533 -0.00149663
   0.146206   0.0982533    0.095409  -0.0444311
  0.0527866 -0.00149663  -0.0444311   0.0668695

test H_MO
  -2.65304  -0.258113    -0.1462 -0.0527857
 -0.258113  -0.356044  -0.262601 -0.0391033
   -0.1462  -0.262601   -1.22134   0.226585
-0.0527857 -0.0391033   0.226585  -0.617909

Density P
     1.03334     0.374726     0.230967  -0.00381894
    0.374726     0.135888    0.0837564  -0.00138488
    0.230967    0.0837564    0.0516244 -0.000853586
 -0.00381894  -0.00138488 -0.000853586  1.41137e-05

Energy -2.90987    Convergence: 6.31338e-06

######################### loop 7 ##########################
test C_MO
 0.646692  0.685444 -0.329443 0.0585032
 0.612456 -0.688472 -0.278326 -0.270996
 0.365221 -0.176465  0.487115  0.773429
  0.27074  0.158218  0.759421 -0.570041

test C_AO
    1.01654     1.98434   -0.433845    0.151761
   0.368628    -1.68131   -0.798454    -0.22124
    0.22721   -0.248904     0.36971     1.24116
-0.00375413    0.885269     1.12615    -1.02865

test S_MO : C^ * S * C
           1  8.88178e-16  1.11022e-16            0
 8.99129e-16            1  6.66134e-16 -1.38778e-15
 3.20924e-17  7.77156e-16            1  2.22045e-16
 1.32706e-16 -1.22125e-15  3.33067e-16            1

test F_MO : C^ * F * C
    -1.63662  3.33067e-16 -2.22045e-16 -2.22045e-16
 4.43222e-16      1.07776 -2.77556e-17  2.77556e-17
 -4.3444e-16 -2.77556e-16    -0.260662  1.66533e-16
-7.49184e-17 -4.44089e-16  1.11022e-16     0.438437

test G_MO
  1.01642  0.258111 -0.146203 0.0527873
 0.258111    1.4338 -0.262602 0.0391031
-0.146203 -0.262602  0.960681  0.226584
0.0527873 0.0391031  0.226584   1.05635

test J_MO
  1.01642  0.258111 -0.146203 0.0527873
 0.258111  0.811559 -0.180428 0.0188034
-0.146203 -0.180428  0.528046  0.135508
0.0527873 0.0188034  0.135508  0.561608

test K_MO
    1.01642    0.258111   -0.146204   0.0527873
   0.258111    0.189316  -0.0982536 -0.00149639
  -0.146204  -0.0982536   0.0954101    0.044431
  0.0527873 -0.00149639    0.044431   0.0668695

test H_MO
  -2.65304  -0.258111   0.146203 -0.0527873
 -0.258111  -0.356044   0.262602 -0.0391031
  0.146203   0.262602   -1.22134  -0.226584
-0.0527873 -0.0391031  -0.226584  -0.617909

Density P
     1.03334     0.374724     0.230967  -0.00381621
    0.374724     0.135887     0.083756  -0.00138388
    0.230967     0.083756    0.0516243 -0.000852975
 -0.00381621  -0.00138388 -0.000852975  1.40935e-05

Energy -2.90987    Convergence: 1.03468e-06

######################### loop 8 ##########################
test C_MO
 0.646692  0.685444  0.329443 0.0585034
 0.612456 -0.688472  0.278326 -0.270996
 0.365221 -0.176465 -0.487115  0.773429
 0.270741  0.158218 -0.759421 -0.570041

test C_AO
   1.01654    1.98434   0.433846   0.151762
  0.368628   -1.68131   0.798454   -0.22124
   0.22721  -0.248905   -0.36971    1.24116
-0.0037536   0.885269   -1.12615   -1.02865

test S_MO : C^ * S * C
           1            0  6.66134e-16  2.22045e-16
 1.41922e-16            1 -8.60423e-16  3.88578e-16
 4.70544e-16 -9.99201e-16            1  6.66134e-16
 1.83013e-16  6.10623e-16  6.66134e-16            1

test F_MO : C^ * F * C
    -1.63662 -1.11022e-16  2.22045e-16            0
 4.94288e-16      1.07776            0  5.55112e-16
-1.97542e-16  8.32667e-17    -0.260662    2.498e-16
-1.76508e-16  7.77156e-16 -1.66533e-16     0.438437

test G_MO
  1.01642  0.258111  0.146203 0.0527876
 0.258111    1.4338  0.262602 0.0391031
 0.146203  0.262602  0.960681 -0.226584
0.0527876 0.0391031 -0.226584   1.05635

test J_MO
  1.01642  0.258111  0.146203 0.0527876
 0.258111  0.811559  0.180428 0.0188034
 0.146203  0.180428  0.528046 -0.135508
0.0527876 0.0188034 -0.135508  0.561608

test K_MO
    1.01642    0.258111    0.146204   0.0527876
   0.258111    0.189316   0.0982537 -0.00149635
   0.146204   0.0982537   0.0954103   -0.044431
  0.0527876 -0.00149635   -0.044431   0.0668696

test H_MO
  -2.65304  -0.258111  -0.146203 -0.0527876
 -0.258111  -0.356043  -0.262602 -0.0391031
 -0.146203  -0.262602   -1.22134   0.226584
-0.0527876 -0.0391031   0.226584  -0.617909

Density P
     1.03334     0.374723     0.230967  -0.00381567
    0.374723     0.135886    0.0837559  -0.00138368
    0.230967    0.0837559    0.0516244 -0.000852855
 -0.00381567  -0.00138368 -0.000852855  1.40895e-05

Energy -2.90987    Convergence: 1.87027e-07

######################### loop 9 ##########################
test C_MO
 0.646692  0.685444  0.329443 0.0585035
 0.612456 -0.688472  0.278326 -0.270996
 0.365221 -0.176465 -0.487115  0.773429
 0.270741  0.158218 -0.759421 -0.570041

test C_AO
   1.01654    1.98434   0.433846   0.151762
  0.368628   -1.68131   0.798454   -0.22124
   0.22721  -0.248905   -0.36971    1.24116
-0.0037535   0.885269   -1.12615   -1.02865

test S_MO : C^ * S * C
           1  8.88178e-16  2.22045e-16            0
  7.3368e-16            1 -7.49401e-16 -1.13798e-15
 3.03577e-16 -7.77156e-16            1            0
-8.23994e-18 -8.32667e-16 -1.66533e-16            1

test F_MO : C^ * F * C
    -1.63662 -3.33067e-16  2.22045e-16  2.22045e-16
-3.67978e-16      1.07776  2.77556e-16 -4.71845e-16
 7.16658e-17 -1.38778e-16    -0.260662 -5.55112e-17
 5.41017e-17 -3.05311e-16    2.498e-16     0.438437

test G_MO
  1.01642  0.258111  0.146203 0.0527876
 0.258111    1.4338  0.262602 0.0391031
 0.146203  0.262602  0.960681 -0.226584
0.0527876 0.0391031 -0.226584   1.05635

test J_MO
  1.01642  0.258111  0.146203 0.0527876
 0.258111  0.811559  0.180428 0.0188034
 0.146203  0.180428  0.528046 -0.135508
0.0527876 0.0188034 -0.135508  0.561608

test K_MO
    1.01642    0.258111    0.146204   0.0527876
   0.258111    0.189316   0.0982537 -0.00149635
   0.146204   0.0982537   0.0954103   -0.044431
  0.0527876 -0.00149635   -0.044431   0.0668696

test H_MO
  -2.65304  -0.258111  -0.146203 -0.0527876
 -0.258111  -0.356043  -0.262602 -0.0391031
 -0.146203  -0.262602   -1.22134   0.226584
-0.0527876 -0.0391031   0.226584  -0.617909

Density P
     1.03334     0.374723     0.230967  -0.00381556
    0.374723     0.135886    0.0837558  -0.00138364
    0.230967    0.0837558    0.0516244 -0.000852831
 -0.00381556  -0.00138364 -0.000852831  1.40887e-05

Energy -2.90987    Convergence: 3.51921e-08

######################### loop 10 ##########################
test C_MO
 0.646692  0.685444  0.329443 0.0585035
 0.612456 -0.688472  0.278326 -0.270996
 0.365221 -0.176465 -0.487115  0.773429
 0.270741  0.158218 -0.759421 -0.570041

test C_AO
    1.01654     1.98434    0.433846    0.151762
   0.368628    -1.68131    0.798454    -0.22124
    0.22721   -0.248905    -0.36971     1.24116
-0.00375347    0.885269    -1.12615    -1.02865

test S_MO : C^ * S * C
           1  9.99201e-16            0 -1.11022e-16
 1.00386e-15            1 -8.32667e-16 -2.77556e-16
-1.82146e-17 -8.88178e-16            1  3.33067e-16
  1.0842e-17 -4.44089e-16    4.996e-16            1

test F_MO : C^ * F * C
    -1.63662 -5.55112e-16  2.22045e-16  2.22045e-16
 -3.0401e-16      1.07776  5.55112e-17  2.77556e-17
 2.16081e-16  2.77556e-16    -0.260662 -2.77556e-17
 3.13768e-16  4.16334e-16 -1.94289e-16     0.438437

test G_MO
  1.01642  0.258111  0.146203 0.0527876
 0.258111    1.4338  0.262602 0.0391031
 0.146203  0.262602  0.960681 -0.226584
0.0527876 0.0391031 -0.226584   1.05635

test J_MO
  1.01642  0.258111  0.146203 0.0527876
 0.258111  0.811559  0.180428 0.0188034
 0.146203  0.180428  0.528046 -0.135508
0.0527876 0.0188034 -0.135508  0.561608

test K_MO
    1.01642    0.258111    0.146204   0.0527876
   0.258111    0.189316   0.0982537 -0.00149635
   0.146204   0.0982537   0.0954104   -0.044431
  0.0527876 -0.00149635   -0.044431   0.0668696

test H_MO
  -2.65304  -0.258111  -0.146203 -0.0527876
 -0.258111  -0.356043  -0.262602 -0.0391031
 -0.146203  -0.262602   -1.22134   0.226584
-0.0527876 -0.0391031   0.226584  -0.617909

Density P
     1.03334     0.374723     0.230967  -0.00381554
    0.374723     0.135886    0.0837558  -0.00138363
    0.230967    0.0837558    0.0516244 -0.000852827
 -0.00381554  -0.00138363 -0.000852827  1.40886e-05

Energy -2.90987    Convergence: 6.7435e-09

#########################  DONE  ##########################
